# herwig_dijet_mc15c
426040 7.723736236e+16 1.0 herwigpp
426041 2.89755917e+13 1.0 herwigpp
426042 4.38232017e+11 1.0 herwigpp
426043 4264796020.0 1.0 herwigpp
426044 65806938.0 1.0 herwigpp
426045 2028913.484 1.0 herwigpp
426046 119575.1459 1.0 herwigpp
426047 3387.52892 1.0 herwigpp
426048 3468.739236 1.0 herwigpp
426049 132.701184 1.0 herwigpp
426050 3.8573983 1.0 herwigpp
426051 0.0567588477 1.0 herwigpp
426052 0.0002019367332 1.0 herwigpp


# V+jets_mc15c
304307 29504000.0 1.0 Sherpa
304308 2155900.0 1.0 Sherpa
304309 46461.0 1.0 Sherpa
304623 23146000.0 1.0 Pythia8+EvtGen
304624 1482300.0 1.0 Pythia8+EvtGen
304625 277570.0 1.0 Pythia8+EvtGen
304626 35315.0 1.0 Pythia8+EvtGen
304627 3800.8 1.0 Pythia8+EvtGen
304628 10455000.0 1.0 Pythia8+EvtGen
304629 674880.0 1.0 Pythia8+EvtGen
304630 125070.0 1.0 Pythia8+EvtGen
304631 15797.0 1.0 Pythia8+EvtGen
304632 1705.0 1.0 Pythia8+EvtGen
304673 13525000.0 1.0 Herwigpp
304674 920710.0 1.0 Herwigpp
304675 175300.0 1.0 Herwigpp
304676 21790.0 1.0 Herwigpp
304677 2273.9 1.0 Herwigpp
304678 5472300.0 1.0 Herwigpp
304679 370300.0 1.0 Herwigpp
304680 70598.0 1.0 Herwigpp
304681 8853.5 1.0 Herwigpp
304682 900.13 1.0 Herwigpp
304707 12575000.0 1.0 Sherpa
304708 903500.0 1.0 Sherpa
304709 18584.0 1.0 Sherpa
